1 -1 1 -1 1 -1 1 -1 3 531 -1 3 536 
1 -1 1 -1 1 -1 1 531 -1 1 536 
1 -1 1 -1 1 -1 1 501 -1 1 509 
1 -1 1 -1 1 -1 3 -1 3 531 -1 3 536 
1 -1 1 -1 1 -1 3 531 -1 3 536 
1 -1 1 -1 1 -1 3 487 -1 3 536 
1 -1 1 -1 1 -1 3 509 -1 3 536 
1 -1 1 -1 1 531 -1 1 536 
1 -1 1 -1 1 377 -1 1 378 
1 -1 1 -1 1 377 -1 1 378 -1 1 
1 -1 1 -1 1 381 -1 1 -1 1 509 
1 -1 1 -1 1 381 -1 1 509 
1 -1 1 -1 1 485 -1 1 486 
1 -1 1 -1 1 487 -1 1 536 
1 -1 1 -1 1 501 -1 1 509 
1 -1 1 -1 1 509 -1 1 536 
1 -1 1 -1 1 509 -1 3 536 
1 -1 1 -1 3 -1 1 -1 3 531 -1 3 536 
1 -1 1 -1 3 -1 3 -1 3 531 -1 3 536 
1 -1 1 -1 3 -1 3 531 -1 3 536 
1 -1 1 -1 3 -1 3 487 -1 3 536 
1 -1 1 -1 3 531 -1 3 536 
1 -1 1 -1 3 487 -1 1 -1 3 536 
1 -1 1 -1 3 487 -1 3 -1 3 536 
1 -1 1 -1 3 487 -1 3 536 
1 -1 1 -1 3 501 -1 3 509 
1 -1 1 -1 3 509 -1 3 536 
1 -1 1 531 -1 1 536 
1 -1 1 531 -1 3 536 
1 -1 1 346 -1 1 349 
1 -1 1 346 -1 1 349 -1 1 
1 -1 1 349 -1 1 485 
1 -1 1 349 -1 1 486 
1 -1 1 375 -1 1 381 
1 -1 1 377 -1 1 -1 1 -1 1 509 
1 -1 1 377 -1 1 -1 1 501 
1 -1 1 377 -1 1 -1 1 509 
1 -1 1 377 -1 1 378 
1 -1 1 377 -1 1 378 -1 1 
1 -1 1 377 -1 1 378 -1 1 -1 1 
1 -1 1 377 -1 1 378 -1 1 -1 1 -1 1 
1 -1 1 377 -1 1 381 
1 -1 1 377 -1 1 381 -1 1 
1 -1 1 377 -1 1 501 
1 -1 1 377 -1 1 509 
1 -1 1 381 -1 1 -1 1 509 
1 -1 1 381 -1 1 536 
1 -1 1 381 -1 1 385 
1 -1 1 381 -1 1 501 
1 -1 1 381 -1 1 509 
1 -1 1 385 -1 1 388 
1 -1 1 385 -1 1 388 -1 1 
1 -1 1 385 -1 1 509 
1 -1 1 388 -1 1 391 
1 -1 1 388 -1 1 391 -1 1 
1 -1 1 391 -1 1 392 
1 -1 1 391 -1 1 392 -1 1 
1 -1 1 484 -1 1 487 
1 -1 1 485 -1 1 486 
1 -1 1 486 -1 1 536 
1 -1 1 486 -1 1 487 
1 -1 1 486 -1 1 488 
1 -1 1 487 -1 1 536 
1 -1 1 487 -1 3 536 
1 -1 1 501 -1 1 509 
1 -1 1 501 -1 3 536 
1 -1 1 509 -1 1 536 
1 -1 1 509 -1 3 536 
1 -1 2 -1 3 531 -1 3 536 
1 -1 3 -1 1 -1 1 -1 3 531 -1 3 536 
1 -1 3 -1 1 -1 3 -1 3 531 -1 3 536 
1 -1 3 -1 1 -1 3 531 -1 3 536 
1 -1 3 -1 1 -1 3 487 -1 3 536 
1 -1 3 -1 3 -1 1 -1 3 531 -1 3 536 
1 -1 3 -1 3 -1 3 -1 3 531 -1 3 536 
1 -1 3 -1 3 -1 3 531 -1 3 536 
1 -1 3 -1 3 -1 3 487 -1 3 536 
1 -1 3 -1 3 -1 3 509 -1 3 536 
1 -1 3 -1 3 531 -1 3 536 
1 -1 3 -1 3 487 -1 3 -1 3 536 
1 -1 3 -1 3 487 -1 3 536 
1 -1 3 -1 3 501 -1 3 509 
1 -1 3 -1 3 509 -1 3 536 
1 -1 3 531 -1 3 536 
1 -1 3 381 -1 1 -1 3 536 
1 -1 3 381 -1 1 -1 3 509 
1 -1 3 381 -1 3 -1 3 536 
1 -1 3 381 -1 3 -1 3 509 
1 -1 3 381 -1 3 536 
1 -1 3 381 -1 3 509 
1 -1 3 385 -1 3 388 
1 -1 3 385 -1 3 509 
1 -1 3 486 -1 3 536 
1 -1 3 487 -1 1 -1 3 536 
1 -1 3 487 -1 3 -1 3 536 
1 -1 3 487 -1 3 531 
1 -1 3 487 -1 3 536 
1 -1 3 494 -1 3 536 
1 -1 3 495 -1 3 536 
1 -1 3 501 -1 3 509 
1 -1 3 509 -1 3 536 
1 -1 487 -1 3 531 -1 3 536 
1 531 -1 1 536 
1 531 -1 3 536 
1 315 -1 1 318 
1 315 -1 1 318 -1 1 
1 318 -1 1 -1 1 533 
1 318 -1 1 533 
1 323 -1 1 331 
1 323 -1 1 332 
1 323 -1 1 332 -1 1 
1 329 -1 1 533 
1 331 -1 1 332 
1 332 -1 1 333 
1 332 -1 1 333 -1 1 
1 342 -1 1 346 
1 342 -1 1 346 -1 1 
1 342 -1 1 349 
1 342 -1 1 349 -1 1 
1 342 -1 1 349 -1 1 -1 1 
1 343 -1 1 349 
1 343 -1 1 349 -1 1 
1 346 -1 1 349 
1 346 -1 1 349 -1 1 
1 346 -1 1 349 -1 1 -1 1 
1 349 -1 1 -1 1 486 
1 349 -1 1 485 
1 349 -1 1 486 
1 361 -1 1 -1 1 -1 1 536 
1 361 -1 1 -1 1 531 
1 361 -1 1 -1 1 536 
1 361 -1 1 -1 3 536 
1 361 -1 1 531 
1 361 -1 1 536 
1 361 -1 1 365 
1 361 -1 1 365 -1 1 
1 361 -1 3 536 
1 370 -1 1 -1 1 501 
1 370 -1 1 536 
1 370 -1 1 371 
1 370 -1 1 371 -1 1 
1 370 -1 1 371 -1 1 -1 1 
1 370 -1 1 501 
1 371 -1 1 -1 1 -1 1 509 
1 371 -1 1 -1 1 501 
1 371 -1 1 -1 1 509 
1 371 -1 1 377 
1 371 -1 1 377 -1 1 
1 371 -1 1 377 -1 1 -1 1 
1 371 -1 1 377 -1 1 -1 1 -1 1 
1 371 -1 1 381 
1 371 -1 1 501 
1 371 -1 1 509 
1 375 -1 1 -1 1 509 
1 375 -1 1 377 
1 375 -1 1 377 -1 1 
1 375 -1 1 381 
1 375 -1 1 381 -1 1 
1 375 -1 1 381 -1 1 -1 1 
1 375 -1 1 509 
1 376 -1 1 377 
1 377 -1 1 -1 1 -1 1 509 
1 377 -1 1 -1 1 536 
1 377 -1 1 -1 1 501 
1 377 -1 1 -1 1 509 
1 377 -1 1 -1 3 536 
1 377 -1 1 536 
1 377 -1 1 378 
1 377 -1 1 378 -1 1 
1 377 -1 1 378 -1 1 -1 1 
1 377 -1 1 378 -1 1 -1 1 -1 1 
1 377 -1 1 381 
1 377 -1 1 381 -1 1 
1 377 -1 1 381 -1 1 -1 1 
1 377 -1 1 501 
1 377 -1 1 501 -1 1 
1 377 -1 1 509 
1 377 -1 3 536 
1 378 -1 1 381 
1 381 -1 1 -1 1 -1 1 509 
1 381 -1 1 -1 1 536 
1 381 -1 1 -1 1 509 
1 381 -1 1 536 
1 381 -1 1 385 
1 381 -1 1 385 -1 1 
1 381 -1 1 385 -1 1 -1 1 
1 381 -1 1 388 
1 381 -1 1 501 
1 381 -1 1 501 -1 1 
1 381 -1 1 509 
1 381 -1 1 509 -1 1 
1 381 -1 3 536 
1 385 -1 1 -1 1 -1 1 509 
1 385 -1 1 -1 1 509 
1 385 -1 1 388 
1 385 -1 1 388 -1 1 
1 385 -1 1 388 -1 1 -1 1 
1 385 -1 1 391 
1 385 -1 1 391 -1 1 
1 385 -1 1 392 
1 385 -1 1 392 -1 1 
1 385 -1 1 509 
1 385 -1 3 536 
1 388 -1 1 -1 1 513 
1 388 -1 1 513 
1 388 -1 1 391 
1 388 -1 1 391 -1 1 
1 388 -1 1 391 -1 1 -1 1 
1 388 -1 1 392 
1 388 -1 1 392 -1 1 
1 388 -1 1 509 
1 391 -1 1 392 
1 391 -1 1 392 -1 1 
1 391 -1 1 392 -1 1 -1 1 
1 392 -1 1 513 
1 392 -1 1 394 
1 484 -1 1 486 
1 484 -1 1 487 
1 484 -1 3 536 
1 485 -1 1 486 
1 486 -1 1 536 
1 486 -1 1 487 
1 486 -1 1 488 
1 487 -1 1 -1 1 536 
1 487 -1 1 531 
1 487 -1 1 536 
1 487 -1 3 536 
1 494 -1 1 531 
1 494 -1 1 536 
1 494 -1 1 495 
1 501 -1 1 536 
1 501 -1 1 509 
1 501 -1 3 536 
1 509 -1 1 536 
1 509 -1 3 536 
2 -1 1 -1 3 531 -1 3 536 
2 -1 3 -1 3 531 -1 3 536 
2 -1 3 531 -1 3 536 
2 -1 3 487 -1 3 536 
2 -1 3 509 -1 3 536 
3 -1 1 -1 1 -1 1 -1 3 531 -1 3 536 
3 -1 1 -1 1 -1 3 -1 3 531 -1 3 536 
3 -1 1 -1 1 -1 3 531 -1 3 536 
3 -1 1 -1 1 -1 3 487 -1 3 536 
3 -1 1 -1 3 -1 3 -1 3 531 -1 3 536 
3 -1 1 -1 3 -1 3 531 -1 3 536 
3 -1 1 -1 3 -1 3 487 -1 3 536 
3 -1 1 -1 3 531 -1 3 536 
3 -1 1 -1 3 487 -1 3 536 
3 -1 1 -1 3 501 -1 3 509 
3 -1 1 -1 3 509 -1 3 536 
3 -1 1 509 -1 3 536 
3 -1 2 -1 3 531 -1 3 536 
3 -1 3 -1 1 -1 1 -1 3 531 -1 3 536 
3 -1 3 -1 1 -1 3 -1 3 531 -1 3 536 
3 -1 3 -1 1 -1 3 531 -1 3 536 
3 -1 3 -1 1 -1 3 487 -1 3 536 
3 -1 3 -1 1 -1 3 509 -1 3 536 
3 -1 3 -1 3 -1 1 -1 3 531 -1 3 536 
3 -1 3 -1 3 -1 3 -1 3 531 -1 3 536 
3 -1 3 -1 3 -1 3 531 -1 3 536 
3 -1 3 -1 3 -1 3 487 -1 3 536 
3 -1 3 -1 3 -1 3 509 -1 3 536 
3 -1 3 -1 3 531 -1 3 536 
3 -1 3 -1 3 487 -1 3 -1 3 536 
3 -1 3 -1 3 487 -1 3 536 
3 -1 3 -1 3 501 -1 3 509 
3 -1 3 -1 3 509 -1 3 536 
3 -1 3 531 -1 3 536 
3 -1 3 381 -1 1 -1 3 -1 3 536 
3 -1 3 381 -1 1 -1 3 536 
3 -1 3 381 -1 1 -1 3 509 
3 -1 3 381 -1 3 -1 3 -1 3 536 
3 -1 3 381 -1 3 -1 3 536 
3 -1 3 381 -1 3 -1 3 509 
3 -1 3 381 -1 3 536 
3 -1 3 381 -1 3 509 
3 -1 3 388 -1 3 509 
3 -1 3 487 -1 1 -1 3 536 
3 -1 3 487 -1 3 -1 3 536 
3 -1 3 487 -1 3 531 
3 -1 3 487 -1 3 536 
3 -1 3 495 -1 3 536 
3 -1 3 501 -1 3 509 
3 -1 3 509 -1 3 536 
3 -1 487 -1 3 531 -1 3 536 
3 531 -1 3 536 
3 361 -1 1 -1 1 -1 3 536 
3 361 -1 1 -1 3 -1 3 -1 3 536 
3 361 -1 1 -1 3 -1 3 536 
3 361 -1 1 -1 3 536 
3 361 -1 3 -1 1 -1 3 -1 3 536 
3 361 -1 3 -1 1 -1 3 536 
3 361 -1 3 -1 3 -1 1 -1 3 536 
3 361 -1 3 -1 3 -1 3 -1 3 536 
3 361 -1 3 -1 3 -1 3 536 
3 361 -1 3 -1 3 536 
3 361 -1 3 536 
3 370 -1 3 536 
3 371 -1 3 381 
3 371 -1 3 509 
3 375 -1 3 381 
3 377 -1 3 381 
3 377 -1 3 509 
3 381 -1 1 -1 1 -1 3 536 
3 381 -1 1 -1 1 -1 3 509 
3 381 -1 1 -1 3 -1 3 536 
3 381 -1 1 -1 3 -1 3 509 
3 381 -1 1 -1 3 536 
3 381 -1 1 -1 3 509 
3 381 -1 3 -1 1 -1 3 536 
3 381 -1 3 -1 1 -1 3 509 
3 381 -1 3 -1 3 -1 3 536 
3 381 -1 3 -1 3 -1 3 509 
3 381 -1 3 -1 3 536 
3 381 -1 3 -1 3 509 
3 381 -1 3 536 
3 381 -1 3 385 
3 381 -1 3 385 -1 1 
3 381 -1 3 385 -1 3 
3 381 -1 3 501 
3 381 -1 3 509 
3 381 -1 3 509 -1 3 
3 385 -1 1 -1 3 509 
3 385 -1 3 -1 3 509 
3 385 -1 3 536 
3 385 -1 3 388 
3 385 -1 3 388 -1 1 
3 385 -1 3 388 -1 3 
3 385 -1 3 388 -1 3 -1 1 
3 385 -1 3 388 -1 3 -1 3 
3 385 -1 3 509 
3 388 -1 3 509 
3 484 -1 3 536 
3 484 -1 3 487 
3 486 -1 3 536 
3 487 -1 1 -1 3 536 
3 487 -1 3 -1 3 536 
3 487 -1 3 531 
3 487 -1 3 536 
3 487 -1 531 -1 3 536 
3 494 -1 3 536 
3 495 -1 3 536 
3 501 -1 3 536 
3 501 -1 3 509 
3 509 -1 3 536 
388 -1 1 391 -1 1 392 
487 -1 3 531 -1 3 536 
510 3 -1 536 1 