315 318 533
315 318 319
323 331 332
323 332 333
342 346 349
346 349 485
349 485 486
349 486 536
349 486 487
349 487 536
361 531 536
361 362 536
361 365 536
361 377 536
361 381 536
361 381 509
361 487 531
361 487 536
361 494 531
361 494 536
361 495 536
361 509 536
370 371 536
370 371 377
370 371 381
370 371 501
370 371 509
370 377 536
370 377 378
370 377 381
370 377 501
370 377 509
370 381 536
370 381 501
370 381 509
370 495 536
370 501 536
370 501 509
370 509 536
371 375 377
371 375 381
371 375 509
371 377 536
371 377 378
371 377 381
371 377 501
371 377 509
371 378 381
371 378 501
371 378 509
371 381 536
371 381 501
371 381 509
371 385 509
371 501 536
371 501 509
371 509 536
375 377 536
375 377 378
375 377 381
375 377 501
375 377 509
375 378 381
375 381 536
375 381 385
375 381 501
375 381 509
375 501 509
375 509 536
377 378 536
377 378 379
377 378 381
377 378 501
377 378 509
377 381 536
377 381 385
377 381 501
377 381 509
377 385 509
377 501 536
377 501 509
377 509 536
378 381 536
378 381 501
378 381 509
378 501 509
378 509 536
381 531 536
381 385 536
381 385 388
381 385 391
381 385 501
381 385 509
381 388 536
381 388 509
381 487 536
381 495 536
381 501 536
381 501 509
381 509 536
385 388 513
385 388 536
385 388 391
385 388 392
385 388 509
385 391 392
385 391 509
385 392 509
385 501 536
385 501 509
385 509 536
388 391 513
388 391 392
388 391 509
388 392 513
388 392 509
388 501 509
388 509 513
388 509 536
391 392 513
391 392 509
484 531 536
484 486 536
484 486 487
484 487 536
485 486 536
485 486 487
485 487 536
486 487 536
486 487 488
486 488 536
487 531 536
487 488 536
487 494 531
487 494 536
487 495 536
487 509 536
494 531 536
494 495 531
494 495 536
494 509 536
495 531 536
495 501 536
495 509 536
501 509 536
509 531 536