343 -1 501 -1 370 -1 323 -1 484 -1 -2
487 -1 487 -1 -2
361 -1 372 -1 365 -1 506 -1 -2
531 -1 387 -1 385 -1 341 -1 480 -1 337 -1 486 -1 485 -1 339 -1 349 -1 346 -1 475 -1 340 -1 342 -1 470 -1 333 -1 332 -1 323 -1 458 -1 319 -1 307 -1 378 -1 487 -1 536 -1 -2
350 -1 536 -1 531 -1 392 -1 -2
473 -1 315 -1 427 -1 381 -1 377 -1 501 -1 536 -1 494 -1 495 -1 367 -1 531 -1 371 -1 391 -1 -2
502 -1 530 -1 -2
343 -1 393 -1 -2
454 -1 467 -1 -2
318 -1 484 -1 348 -1 340 -1 344 -1 475 -1 339 -1 337 -1 485 -1 338 -1 342 -1 352 -1 349 -1 470 -1 346 -1 332 -1 536 -1 -2
506 -1 387 -1 310 -1 385 -1 -2
345 -1 536 -1 484 -1 487 -1 486 -1 529 -1 -2
467 -1 469 -1 361 -1 536 -1 531 -1 385 -1 527 -1 529 -1 311 -1 310 -1 309 -1 1288 -1 525 -1 -2
375 -1 371 -1 -2
487 -1 536 -1 -2
533 -1 318 -1 315 -1 458 -1 -2
