331 -1 332 -1 -2
501 -1 377 -1 -2
348 -1 536 -1 -2
391 -1 509 -1 393 -1 -2
377 -1 507 -1 -2
376 -1 506 -1 -2
495 -1 360 -1 -2
372 -1 494 -1 -2
361 -1 378 -1 -2
323 -1 469 -1 -2
454 -1 472 -1 -2
531 -1 536 -1 -2
332 -1 469 -1 -2
342 -1 487 -1 -2
470 -1 473 -1 -2
323 -1 331 -1 -2
415 -1 424 -1 -2
330 -1 332 -1 -2
375 -1 381 -1 -2
375 -1 509 -1 -2
381 -1 379 -1 -2
469 -1 470 -1 -2
371 -1 502 -1 -2
377 -1 501 -1 -2
315 -1 314 -1 -2
371 -1 509 -1 -2
343 -1 487 -1 -2
398 -1 399 -1 -2
531 -1 492 -1 -2
325 -1 469 -1 -2
509 -1 506 -1 -2
366 -1 494 -1 -2
319 -1 329 -1 -2
388 -1 391 -1 -2
501 -1 536 -1 -2
361 -1 493 -1 -2
372 -1 531 -1 -2
369 -1 502 -1 -2
494 -1 531 -1 -2
361 -1 362 -1 377 -1 -2
403 -1 427 -1 -2
376 -1 377 -1 507 -1 -2
476 -1 477 -1 -2
343 -1 486 -1 -2
361 -1 362 -1 -2
371 -1 375 -1 -2
323 -1 468 -1 -2
330 -1 533 -1 -2
366 -1 495 -1 -2
529 -1 311 -1 -2
494 -1 495 -1 -2
349 -1 486 -1 -2
337 -1 487 -1 -2
306 -1 524 -1 -2
370 -1 381 -1 -2
406 -1 502 -1 -2
323 -1 329 -1 -2
529 -1 313 -1 -2
325 -1 329 -1 458 -1 -2
365 -1 494 -1 -2
458 -1 470 -1 -2
359 -1 361 -1 -2
353 -1 357 -1 -2
361 -1 531 -1 -2
343 -1 486 -1 -2
348 -1 478 -1 -2
494 -1 531 -1 -2
487 -1 536 -1 -2
342 -1 486 -1 -2
388 -1 513 -1 -2
349 -1 485 -1 -2
476 -1 479 -1 -2
506 -1 507 -1 -2
369 -1 370 -1 501 -1 509 -1 -2
472 -1 341 -1 -2
344 -1 479 -1 352 -1 -2
343 -1 485 -1 -2
352 -1 486 -1 -2
351 -1 493 -1 -2
322 -1 458 -1 -2
375 -1 378 -1 -2
377 -1 509 -1 -2
458 -1 468 -1 -2
362 -1 507 -1 -2
381 -1 501 -1 -2
329 -1 466 -1 -2
362 -1 370 -1 -2
391 -1 392 -1 -2
375 -1 381 -1 -2
310 -1 525 -1 -2
318 -1 323 -1 -2
325 -1 329 -1 530 -1 -2
466 -1 319 -1 -2
467 -1 533 -1 -2
349 -1 486 -1 -2
349 -1 485 -1 -2
328 -1 325 -1 -2
495 -1 536 -1 -2
323 -1 329 -1 -2
391 -1 513 -1 -2
322 -1 467 -1 -2
349 -1 352 -1 -2
381 -1 509 -1 -2
338 -1 342 -1 -2
486 -1 487 -1 -2
385 -1 512 -1 -2
478 -1 480 -1 343 -1 485 -1 -2
454 -1 533 -1 -2
361 -1 531 -1 -2
513 -1 511 -1 -2
332 -1 468 -1 331 -1 -2
524 -1 404 -1 -2
381 -1 501 -1 509 -1 -2
318 -1 322 -1 -2
367 -1 372 -1 -2
323 -1 319 -1 -2
362 -1 494 -1 -2
487 -1 536 -1 -2
375 -1 381 -1 -2
385 -1 388 -1 -2
370 -1 507 -1 -2
361 -1 490 -1 -2
361 -1 494 -1 531 -1 365 -1 -2
510 -1 509 -1 -2
371 -1 375 -1 -2
378 -1 381 -1 501 -1 -2
331 -1 333 -1 -2
467 -1 470 -1 -2
318 -1 467 -1 -2
378 -1 379 -1 -2
487 -1 495 -1 -2
371 -1 381 -1 -2
494 -1 531 -1 536 -1 -2
495 -1 361 -1 490 -1 531 -1 -2
385 -1 513 -1 -2
366 -1 506 -1 -2
487 -1 536 -1 -2
375 -1 506 -1 -2
331 -1 476 -1 -2
319 -1 533 -1 -2
323 -1 332 -1 -2
385 -1 381 -1 -2
488 -1 360 -1 -2
332 -1 470 -1 -2
501 -1 509 -1 -2
381 -1 505 -1 -2
377 -1 497 -1 -2
467 -1 469 -1 -2
458 -1 473 -1 -2
329 -1 533 -1 -2
330 -1 535 -1 -2
381 -1 513 -1 -2
501 -1 509 -1 -2
381 -1 513 -1 -2
349 -1 352 -1 -2
398 -1 509 -1 -2
427 -1 391 -1 -2
348 -1 490 -1 492 -1 353 -1 -2
323 -1 333 -1 -2
531 -1 536 -1 -2
376 -1 501 -1 -2
343 -1 477 -1 -2
509 -1 531 -1 -2
323 -1 468 -1 -2
484 -1 536 -1 -2
349 -1 484 -1 -2
508 -1 381 -1 -2
373 -1 506 -1 -2
373 -1 502 -1 -2
533 -1 318 -1 -2
365 -1 506 -1 -2
376 -1 494 -1 -2
361 -1 372 -1 -2
395 -1 513 -1 -2
487 -1 531 -1 -2
341 -1 486 -1 -2
381 -1 501 -1 -2
350 -1 487 -1 -2
381 -1 371 -1 375 -1 -2
371 -1 385 -1 -2
492 -1 531 -1 -2
343 -1 486 -1 -2
401 -1 402 -1 -2
343 -1 485 -1 -2
372 -1 494 -1 -2
484 -1 536 -1 -2
470 -1 487 -1 -2
484 -1 536 -1 -2
458 -1 533 -1 -2
378 -1 379 -1 -2
342 -1 475 -1 -2
307 -1 513 -1 -2
370 -1 509 -1 -2
342 -1 486 -1 -2
344 -1 346 -1 478 -1 485 -1 -2
485 -1 486 -1 -2
343 -1 536 -1 -2
376 -1 495 -1 509 -1 -2
327 -1 468 -1 -2
332 -1 476 -1 -2
343 -1 481 -1 -2
508 -1 536 -1 -2
486 -1 536 -1 -2
329 -1 454 -1 -2
509 -1 510 -1 371 -1 -2
325 -1 458 -1 -2
318 -1 328 -1 -2
479 -1 484 -1 -2
509 -1 536 -1 -2
381 -1 501 -1 -2
494 -1 536 -1 -2
342 -1 476 -1 -2
346 -1 480 -1 -2
349 -1 1175 -1 -2
323 -1 331 -1 -2
315 -1 458 -1 -2
427 -1 396 -1 -2
337 -1 470 -1 -2
454 -1 470 -1 -2
342 -1 344 -1 484 -1 487 -1 -2
385 -1 513 -1 -2
352 -1 486 -1 -2
371 -1 377 -1 378 -1 -2
381 -1 501 -1 -2
379 -1 380 -1 -2
309 -1 310 -1 -2
488 -1 487 -1 -2
1175 -1 531 -1 -2
352 -1 487 -1 -2
360 -1 493 -1 536 -1 -2
361 -1 409 -1 -2
406 -1 416 -1 -2
361 -1 1175 -1 -2
361 -1 372 -1 -2
372 -1 371 -1 -2
371 -1 377 -1 -2
377 -1 376 -1 -2
379 -1 536 -1 507 -1 508 -1 -2
536 -1 458 -1 -2
1288 -1 524 -1 -2
315 -1 533 -1 -2
361 -1 408 -1 -2
362 -1 490 -1 -2
306 -1 427 -1 524 -1 -2
361 -1 372 -1 -2
319 -1 533 -1 318 -1 -2
350 -1 536 -1 -2
415 -1 418 -1 361 -1 -2
510 -1 385 -1 513 -1 -2
319 -1 325 -1 -2
328 -1 319 -1 -2
323 -1 466 -1 -2
458 -1 470 -1 -2
485 -1 488 -1 -2
323 -1 466 -1 -2
351 -1 531 -1 -2
340 -1 349 -1 475 -1 -2
381 -1 513 -1 -2
348 -1 484 -1 -2
377 -1 378 -1 -2
362 -1 365 -1 -2
352 -1 484 -1 -2
376 -1 508 -1 -2
510 -1 513 -1 -2
370 -1 536 -1 -2
349 -1 352 -1 -2
488 -1 536 -1 -2
381 -1 510 -1 -2
405 -1 513 -1 -2
360 -1 363 -1 -2
371 -1 381 -1 -2
369 -1 370 -1 -2
343 -1 484 -1 -2
330 -1 468 -1 473 -1 -2
343 -1 485 -1 -2
349 -1 475 -1 -2
361 -1 536 -1 -2
381 -1 509 -1 -2
385 -1 509 -1 -2
380 -1 513 -1 -2
338 -1 480 -1 -2
340 -1 486 -1 -2
373 -1 377 -1 -2
322 -1 328 -1 329 -1 -2
333 -1 470 -1 -2
387 -1 388 -1 -2
343 -1 487 -1 -2
350 -1 356 -1 484 -1 -2
360 -1 494 -1 -2
353 -1 487 -1 -2
385 -1 387 -1 -2
375 -1 381 -1 -2
494 -1 495 -1 -2
406 -1 536 -1 -2
511 -1 512 -1 -2
476 -1 477 -1 -2
361 -1 494 -1 -2
349 -1 486 -1 -2
385 -1 513 -1 -2
466 -1 533 -1 -2
360 -1 480 -1 -2
378 -1 509 -1 -2
501 -1 361 -1 -2
318 -1 329 -1 -2
468 -1 533 -1 -2
339 -1 341 -1 -2
365 -1 536 -1 -2
333 -1 470 -1 -2
367 -1 531 -1 -2
348 -1 536 -1 -2
400 -1 401 -1 -2
485 -1 486 -1 -2
348 -1 536 -1 -2
323 -1 333 -1 -2
329 -1 469 -1 -2
359 -1 361 -1 -2
323 -1 331 -1 -2
377 -1 531 -1 -2
531 -1 536 -1 -2
458 -1 533 -1 -2
480 -1 481 -1 -2
377 -1 378 -1 -2
531 -1 536 -1 -2
398 -1 391 -1 -2
340 -1 486 -1 -2
471 -1 473 -1 -2
454 -1 458 -1 -2
361 -1 381 -1 -2
362 -1 494 -1 -2
353 -1 489 -1 -2
322 -1 323 -1 -2
337 -1 346 -1 -2
367 -1 372 -1 -2
342 -1 344 -1 -2
388 -1 391 -1 -2
372 -1 373 -1 -2
485 -1 486 -1 -2
501 -1 536 -1 -2
484 -1 536 -1 -2
388 -1 511 -1 -2
306 -1 524 -1 -2
361 -1 362 -1 -2
369 -1 505 -1 -2
371 -1 377 -1 -2
357 -1 1175 -1 -2
507 -1 508 -1 -2
372 -1 494 -1 -2
309 -1 310 -1 -2
394 -1 513 -1 -2
487 -1 486 -1 -2
509 -1 512 -1 382 -1 -2
370 -1 371 -1 -2
322 -1 329 -1 -2
318 -1 458 -1 466 -1 -2
392 -1 394 -1 -2
362 -1 531 -1 -2
333 -1 473 -1 -2
385 -1 388 -1 -2
361 -1 487 -1 -2
339 -1 337 -1 487 -1 -2
507 -1 378 -1 -2
513 -1 392 -1 -2
530 -1 471 -1 -2
309 -1 310 -1 -2
342 -1 484 -1 -2
487 -1 485 -1 -2
501 -1 509 -1 -2
497 -1 501 -1 -2
375 -1 385 -1 -2
369 -1 531 -1 -2
365 -1 531 -1 -2
362 -1 531 -1 -2
370 -1 378 -1 -2
487 -1 536 -1 -2
362 -1 494 -1 -2
361 -1 506 -1 -2
385 -1 388 -1 -2
378 -1 497 -1 -2
364 -1 371 -1 -2
333 -1 352 -1 -2
371 -1 380 -1 -2
381 -1 509 -1 -2
494 -1 370 -1 -2
361 -1 365 -1 -2
375 -1 509 -1 -2
475 -1 330 -1 468 -1 -2
485 -1 347 -1 -2
346 -1 349 -1 -2
370 -1 501 -1 -2
376 -1 377 -1 -2
499 -1 502 -1 -2
370 -1 509 -1 -2
531 -1 536 -1 -2
331 -1 458 -1 -2
348 -1 479 -1 -2
487 -1 349 -1 485 -1 -2
491 -1 536 -1 -2
318 -1 466 -1 -2
322 -1 328 -1 467 -1 -2
323 -1 530 -1 -2
320 -1 468 -1 -2
370 -1 490 -1 -2
385 -1 388 -1 -2
392 -1 400 -1 -2
359 -1 360 -1 -2
524 -1 525 -1 -2
320 -1 458 -1 -2
385 -1 513 -1 -2
381 -1 388 -1 -2
484 -1 487 -1 -2
338 -1 344 -1 -2
370 -1 371 -1 494 -1 531 -1 -2
495 -1 502 -1 -2
370 -1 501 -1 -2
381 -1 509 -1 -2
370 -1 371 -1 -2
345 -1 485 -1 -2
322 -1 467 -1 -2
388 -1 513 -1 -2
318 -1 458 -1 -2
363 -1 494 -1 -2
345 -1 481 -1 -2
381 -1 387 -1 -2
344 -1 475 -1 -2
474 -1 340 -1 -2
385 -1 387 -1 -2
315 -1 318 -1 -2
379 -1 380 -1 -2
403 -1 404 -1 -2
377 -1 501 -1 -2
360 -1 369 -1 -2
470 -1 485 -1 -2
357 -1 484 -1 -2
376 -1 501 -1 -2
373 -1 507 -1 -2
509 -1 377 -1 -2
511 -1 512 -1 -2
531 -1 536 -1 -2
388 -1 393 -1 -2
323 -1 331 -1 -2
402 -1 403 -1 -2
329 -1 330 -1 -2
529 -1 311 -1 -2
513 -1 526 -1 -2
331 -1 332 -1 -2
391 -1 397 -1 -2
375 -1 377 -1 -2
329 -1 458 -1 -2
365 -1 501 -1 509 -1 -2
524 -1 1288 -1 -2
366 -1 495 -1 -2
381 -1 509 -1 -2
361 -1 362 -1 379 -1 494 -1 495 -1 -2
322 -1 323 -1 -2
376 -1 377 -1 -2
391 -1 394 -1 -2
309 -1 310 -1 -2
469 -1 470 -1 -2
427 -1 524 -1 -2
466 -1 467 -1 -2
315 -1 458 -1 -2
323 -1 331 -1 -2
338 -1 474 -1 -2
377 -1 507 -1 -2
485 -1 486 -1 -2
365 -1 531 -1 -2
362 -1 494 -1 -2
361 -1 536 -1 -2
401 -1 427 -1 -2
403 -1 427 -1 -2
507 -1 536 -1 -2
361 -1 487 -1 -2
370 -1 509 -1 -2
352 -1 488 -1 -2
369 -1 502 -1 -2
381 -1 509 -1 -2
361 -1 372 -1 -2
506 -1 536 -1 -2
486 -1 488 -1 -2
487 -1 536 -1 -2
366 -1 495 -1 -2
377 -1 501 -1 -2
490 -1 494 -1 -2
373 -1 509 -1 -2
385 -1 512 -1 -2
388 -1 392 -1 -2
366 -1 370 -1 494 -1 495 -1 -2
369 -1 495 -1 -2
406 -1 408 -1 -2
371 -1 526 -1 -2
366 -1 495 -1 -2
329 -1 330 -1 -2
486 -1 488 -1 536 -1 -2
527 -1 529 -1 -2
331 -1 332 -1 -2
524 -1 427 -1 -2
371 -1 509 -1 -2
377 -1 501 -1 -2
380 -1 385 -1 -2
372 -1 495 -1 -2
378 -1 501 -1 -2
348 -1 350 -1 484 -1 -2
494 -1 536 -1 -2
330 -1 333 -1 -2
366 -1 531 -1 -2
494 -1 536 -1 -2
361 -1 362 -1 -2
379 -1 509 -1 -2
385 -1 388 -1 -2
323 -1 343 -1 -2
329 -1 458 -1 -2
493 -1 536 -1 -2
361 -1 362 -1 -2
322 -1 458 -1 -2
475 -1 473 -1 -2
333 -1 352 -1 -2
494 -1 495 -1 -2
372 -1 494 -1 -2
392 -1 513 -1 -2
352 -1 533 -1 -2
490 -1 531 -1 -2
501 -1 508 -1 -2
486 -1 536 -1 -2
468 -1 471 -1 -2
476 -1 536 -1 -2
388 -1 513 -1 -2
399 -1 524 -1 -2
385 -1 509 -1 -2
454 -1 533 -1 -2
348 -1 536 -1 -2
385 -1 509 -1 -2
371 -1 501 -1 509 -1 536 -1 -2
343 -1 486 -1 -2
506 -1 507 -1 -2
487 -1 536 -1 -2
393 -1 395 -1 -2
361 -1 365 -1 -2
392 -1 513 -1 -2
323 -1 485 -1 -2
470 -1 473 -1 -2
385 -1 391 -1 -2
377 -1 379 -1 -2
398 -1 399 -1 -2
388 -1 513 -1 -2
370 -1 506 -1 -2
487 -1 536 -1 -2
378 -1 379 -1 501 -1 -2
486 -1 536 -1 -2
454 -1 533 -1 -2
484 -1 536 -1 -2
343 -1 536 -1 -2
323 -1 533 -1 -2
361 -1 497 -1 -2
365 -1 495 -1 -2
369 -1 502 -1 -2
480 -1 485 -1 -2
339 -1 340 -1 486 -1 -2
377 -1 378 -1 -2
381 -1 509 -1 -2
377 -1 378 -1 379 -1 -2
365 -1 367 -1 -2
509 -1 501 -1 -2
376 -1 377 -1 -2
467 -1 319 -1 -2
379 -1 382 -1 -2
487 -1 484 -1 -2
352 -1 488 -1 -2
376 -1 507 -1 -2
371 -1 509 -1 -2
361 -1 531 -1 -2
391 -1 403 -1 -2
376 -1 377 -1 -2
375 -1 378 -1 509 -1 -2
319 -1 468 -1 -2
415 -1 418 -1 -2
388 -1 391 -1 513 -1 -2
349 -1 352 -1 -2
351 -1 484 -1 -2
377 -1 495 -1 -2
421 -1 423 -1 -2
372 -1 494 -1 -2
366 -1 506 -1 -2
325 -1 328 -1 -2
458 -1 525 -1 -2
359 -1 361 -1 -2
332 -1 333 -1 -2
319 -1 466 -1 467 -1 -2
381 -1 385 -1 -2
330 -1 468 -1 533 -1 -2
361 -1 531 -1 -2
370 -1 506 -1 -2
328 -1 329 -1 -2
349 -1 488 -1 -2
509 -1 510 -1 -2
323 -1 533 -1 -2
467 -1 469 -1 -2
318 -1 533 -1 -2
325 -1 329 -1 -2
510 -1 513 -1 -2
323 -1 458 -1 -2
360 -1 495 -1 -2
331 -1 332 -1 -2
362 -1 493 -1 494 -1 -2
309 -1 1288 -1 -2
329 -1 468 -1 -2
486 -1 487 -1 -2
309 -1 319 -1 -2
353 -1 531 -1 -2
378 -1 501 -1 -2
323 -1 533 -1 -2
370 -1 377 -1 -2
343 -1 486 -1 -2
335 -1 337 -1 -2
361 -1 495 -1 -2
376 -1 377 -1 -2
479 -1 346 -1 -2
372 -1 505 -1 -2
323 -1 470 -1 -2
381 -1 509 -1 -2
348 -1 488 -1 -2
330 -1 535 -1 -2
318 -1 466 -1 -2
340 -1 475 -1 -2
377 -1 509 -1 -2
531 -1 536 -1 -2
536 -1 370 -1 509 -1 -2
362 -1 495 -1 -2
392 -1 394 -1 -2
371 -1 501 -1 -2
391 -1 508 -1 -2
340 -1 478 -1 -2
381 -1 392 -1 -2
348 -1 536 -1 -2
385 -1 388 -1 509 -1 -2
376 -1 377 -1 -2
392 -1 397 -1 -2
329 -1 330 -1 -2
361 -1 531 -1 -2
343 -1 486 -1 -2
350 -1 486 -1 -2
370 -1 501 -1 -2
339 -1 481 -1 -2
397 -1 401 -1 -2
370 -1 536 -1 -2
346 -1 349 -1 -2
369 -1 536 -1 -2
377 -1 495 -1 -2
349 -1 475 -1 -2
314 -1 329 -1 -2
370 -1 505 -1 506 -1 -2
478 -1 485 -1 -2
501 -1 509 -1 -2
385 -1 388 -1 -2
315 -1 329 -1 -2
315 -1 318 -1 -2
361 -1 536 -1 -2
377 -1 501 -1 -2
468 -1 470 -1 -2
388 -1 401 -1 -2
348 -1 484 -1 -2
355 -1 485 -1 488 -1 -2
394 -1 396 -1 -2
361 -1 362 -1 -2
365 -1 493 -1 -2
397 -1 400 -1 -2
388 -1 513 -1 -2
339 -1 342 -1 -2
480 -1 485 -1 -2
487 -1 536 -1 -2
348 -1 484 -1 -2
348 -1 487 -1 -2
377 -1 378 -1 -2
494 -1 536 -1 -2
509 -1 510 -1 -2
361 -1 371 -1 -2
485 -1 536 -1 348 -1 350 -1 -2
337 -1 473 -1 -2
335 -1 337 -1 -2
349 -1 485 -1 486 -1 -2
377 -1 378 -1 -2
348 -1 1175 -1 -2
361 -1 531 -1 -2
361 -1 487 -1 531 -1 -2
466 -1 533 -1 -2
381 -1 388 -1 -2
373 -1 377 -1 -2
506 -1 536 -1 -2
398 -1 427 -1 -2
531 -1 536 -1 -2
527 -1 529 -1 -2
332 -1 475 -1 -2
377 -1 507 -1 -2
342 -1 480 -1 -2
323 -1 468 -1 -2
394 -1 396 -1 -2
368 -1 495 -1 -2
377 -1 378 -1 -2
352 -1 487 -1 -2
370 -1 536 -1 -2
381 -1 509 -1 -2
349 -1 486 -1 -2
349 -1 479 -1 -2
371 -1 379 -1 -2
385 -1 387 -1 -2
467 -1 469 -1 -2
385 -1 388 -1 -2
487 -1 536 -1 -2
372 -1 373 -1 -2
472 -1 536 -1 -2
361 -1 487 -1 -2
385 -1 387 -1 -2
483 -1 485 -1 -2
344 -1 479 -1 -2
379 -1 501 -1 -2
388 -1 391 -1 -2
375 -1 381 -1 -2
315 -1 318 -1 -2
371 -1 506 -1 -2
404 -1 405 -1 -2
315 -1 319 -1 -2
385 -1 509 -1 -2
323 -1 332 -1 333 -1 -2
385 -1 501 -1 -2
361 -1 372 -1 -2
339 -1 343 -1 -2
487 -1 491 -1 -2
487 -1 536 -1 -2
377 -1 378 -1 -2
381 -1 385 -1 -2
398 -1 404 -1 -2
340 -1 468 -1 -2
395 -1 513 -1 -2
493 -1 495 -1 -2
375 -1 509 -1 -2
395 -1 397 -1 -2
341 -1 343 -1 476 -1 -2
346 -1 475 -1 -2
351 -1 353 -1 1175 -1 -2
332 -1 333 -1 -2
329 -1 533 -1 -2
343 -1 344 -1 -2
371 -1 381 -1 -2
339 -1 345 -1 -2
340 -1 475 -1 -2
502 -1 536 -1 -2
387 -1 391 -1 -2
385 -1 391 -1 -2
365 -1 496 -1 -2
342 -1 480 -1 -2
399 -1 427 -1 -2
397 -1 509 -1 -2
325 -1 533 -1 -2
473 -1 533 -1 -2
329 -1 468 -1 -2
352 -1 477 -1 -2
385 -1 388 -1 -2
531 -1 536 -1 -2
342 -1 344 -1 -2
371 -1 494 -1 -2
348 -1 486 -1 -2
346 -1 479 -1 -2
349 -1 477 -1 -2
375 -1 510 -1 -2
486 -1 488 -1 -2
377 -1 378 -1 -2
361 -1 494 -1 -2
531 -1 536 -1 -2
314 -1 315 -1 -2
361 -1 531 -1 -2
361 -1 502 -1 -2
343 -1 344 -1 480 -1 -2
342 -1 485 -1 -2
343 -1 485 -1 -2
350 -1 536 -1 -2
391 -1 395 -1 -2
391 -1 509 -1 -2
385 -1 378 -1 -2
469 -1 533 -1 -2
487 -1 536 -1 -2
332 -1 470 -1 -2
391 -1 392 -1 -2
377 -1 376 -1 -2
322 -1 323 -1 -2
529 -1 527 -1 -2
371 -1 506 -1 -2
342 -1 487 -1 -2
344 -1 488 -1 -2
352 -1 488 -1 -2
399 -1 402 -1 -2
375 -1 385 -1 -2
318 -1 533 -1 -2
339 -1 486 -1 -2
349 -1 486 -1 -2
340 -1 346 -1 -2
325 -1 329 -1 -2
345 -1 481 -1 -2
352 -1 486 -1 -2
343 -1 487 -1 -2
470 -1 473 -1 -2
375 -1 495 -1 -2
346 -1 349 -1 352 -1 -2
480 -1 481 -1 -2
343 -1 473 -1 -2
375 -1 381 -1 -2
346 -1 349 -1 476 -1 477 -1 -2
338 -1 344 -1 -2
385 -1 387 -1 -2
377 -1 378 -1 -2
385 -1 393 -1 -2
487 -1 536 -1 -2
381 -1 501 -1 -2
385 -1 391 -1 512 -1 -2
373 -1 377 -1 -2
323 -1 329 -1 -2
345 -1 486 -1 -2
349 -1 484 -1 -2
348 -1 349 -1 485 -1 -2
385 -1 509 -1 -2
427 -1 524 -1 -2
332 -1 470 -1 -2
343 -1 485 -1 -2
346 -1 348 -1 349 -1 -2
346 -1 484 -1 -2
341 -1 485 -1 -2
365 -1 493 -1 -2
401 -1 402 -1 -2
343 -1 487 -1 -2
377 -1 378 -1 -2
332 -1 333 -1 -2
344 -1 480 -1 -2
427 -1 524 -1 -2
494 -1 495 -1 -2
339 -1 341 -1 -2
342 -1 484 -1 -2
397 -1 400 -1 -2
392 -1 397 -1 400 -1 -2
347 -1 348 -1 -2
378 -1 502 -1 -2
524 -1 525 -1 -2
344 -1 484 -1 -2
526 -1 536 -1 -2
309 -1 527 -1 -2
381 -1 509 -1 -2
369 -1 502 -1 -2
343 -1 486 -1 -2
362 -1 365 -1 -2
350 -1 536 -1 -2
388 -1 510 -1 -2
370 -1 536 -1 -2
388 -1 513 -1 -2
376 -1 377 -1 494 -1 -2
489 -1 536 -1 -2
344 -1 349 -1 -2
342 -1 344 -1 -2
375 -1 497 -1 501 -1 -2
331 -1 468 -1 -2
310 -1 314 -1 -2
385 -1 507 -1 -2
370 -1 506 -1 -2
486 -1 536 -1 -2
361 -1 365 -1 -2
369 -1 370 -1 -2
349 -1 480 -1 -2
349 -1 484 -1 -2
332 -1 478 -1 -2
489 -1 536 -1 -2
398 -1 399 -1 -2
388 -1 524 -1 -2
323 -1 533 -1 -2
485 -1 486 -1 -2
378 -1 381 -1 -2
349 -1 485 -1 -2
377 -1 378 -1 -2
345 -1 486 -1 -2
376 -1 377 -1 -2
377 -1 507 -1 508 -1 -2
531 -1 536 -1 -2
307 -1 527 -1 -2
495 -1 510 -1 -2
392 -1 394 -1 -2
525 -1 1288 -1 -2
394 -1 399 -1 -2
362 -1 492 -1 495 -1 -2
379 -1 507 -1 -2
385 -1 388 -1 -2
376 -1 377 -1 -2
352 -1 487 -1 -2
342 -1 344 -1 -2
373 -1 494 -1 -2
339 -1 343 -1 -2
362 -1 487 -1 -2
361 -1 362 -1 365 -1 376 -1 -2
370 -1 495 -1 -2
343 -1 486 -1 -2
369 -1 536 -1 -2
332 -1 474 -1 -2
317 -1 319 -1 -2
398 -1 399 -1 -2
385 -1 513 -1 -2
352 -1 481 -1 -2
343 -1 485 -1 -2
385 -1 392 -1 -2
350 -1 475 -1 -2
388 -1 391 -1 -2
361 -1 365 -1 -2
487 -1 536 -1 -2
401 -1 403 -1 -2
352 -1 481 -1 484 -1 -2
399 -1 427 -1 -2
385 -1 388 -1 -2
360 -1 494 -1 -2
385 -1 388 -1 -2
343 -1 485 -1 -2
361 -1 365 -1 -2
352 -1 485 -1 -2
385 -1 392 -1 -2
350 -1 487 -1 -2
369 -1 506 -1 -2
486 -1 488 -1 -2
495 -1 536 -1 -2
475 -1 481 -1 -2
323 -1 473 -1 -2
385 -1 510 -1 -2
365 -1 377 -1 501 -1 -2
349 -1 352 -1 485 -1 -2
348 -1 485 -1 -2
371 -1 378 -1 -2
360 -1 367 -1 -2
379 -1 509 -1 -2
332 -1 473 -1 -2
375 -1 508 -1 -2
345 -1 481 -1 -2
388 -1 392 -1 -2
388 -1 513 -1 -2
346 -1 349 -1 -2
485 -1 486 -1 -2
385 -1 391 -1 -2
392 -1 394 -1 -2
487 -1 536 -1 -2
343 -1 486 -1 -2
346 -1 476 -1 -2
487 -1 494 -1 -2
343 -1 480 -1 -2
488 -1 492 -1 -2
361 -1 362 -1 -2
386 -1 537 -1 -2
388 -1 391 -1 -2
494 -1 495 -1 -2
375 -1 381 -1 -2
