513  536 
524  525 
524  536 
525  1288
531  536 
531  1175
533  536 
536  1175
307  524 
309  1288
309  310 
310  1288
315  531 
315  533 
315  536 
315  318 
315  319 
315  323 
315  329 
315  381 
315  385 
315  388 
315  458 
315  487 
315  509 
318  533 
318  536 
318  319 
318  323 
318  329 
318  458 
319  533 
319  536 
319  323 
319  329 
319  458 
323  533 
323  536 
323  329 
323  331 
323  332 
323  333 
323  458 
323  470 
323  509 
325  533 
325  329 
329  533 
329  536 
329  458 
331  332 
331  333 
332  533 
332  536 
332  333 
332  458 
332  468 
332  470 
333  536 
333  470 
339  343 
339  349 
342  536 
342  343 
342  346 
342  349 
342  485 
342  486 
343  536 
343  346 
343  349 
343  480 
343  484 
343  485 
343  486 
343  487 
346  536 
346  349 
346  485 
346  486 
348  536 
348  484 
348  486 
348  487 
349  536 
349  352 
349  480 
349  484 
349  485 
349  486 
349  487 
350  536 
352  536 
352  484 
352  485 
352  486 
352  487 
360  536 
361  531 
361  536 
361  362 
361  365 
361  370 
361  371 
361  372 
361  377 
361  378 
361  381 
361  385 
361  388 
361  487 
361  494 
361  495 
361  501 
361  509 
362  531 
362  536 
362  365 
362  494 
365  531 
365  536 
366  536 
366  495 
369  536 
369  370 
370  531 
370  536 
370  371 
370  375 
370  377 
370  378 
370  381 
370  385 
370  388 
370  487 
370  494 
370  495 
370  501 
370  506 
370  509 
371  531 
371  536 
371  375 
371  377 
371  378 
371  381 
371  385 
371  388 
371  487 
371  494 
371  495 
371  501 
371  506 
371  509 
372  531 
372  536 
372  377 
372  494 
372  495 
372  509 
373  377 
375  536 
375  377 
375  378 
375  379 
375  381 
375  385 
375  388 
375  501 
375  509 
376  377 
377  531 
377  536 
377  378 
377  379 
377  381 
377  385 
377  388 
377  392 
377  487 
377  494 
377  495 
377  501 
377  506 
377  507 
377  509 
378  536 
378  379 
378  381 
378  385 
378  501 
378  509 
379  536 
379  381 
379  509 
381  513 
381  524 
381  531 
381  536 
381  385 
381  386 
381  388 
381  391 
381  392 
381  470 
381  486 
381  487 
381  494 
381  495 
381  501 
381  506 
381  509 
381  510 
385  513 
385  524 
385  531 
385  536 
385  388 
385  391 
385  392 
385  487 
385  494 
385  495 
385  501 
385  509 
385  510 
386  509 
387  388 
388  513 
388  524 
388  531 
388  536 
388  391 
388  392 
388  395 
388  487 
388  495 
388  501 
388  509 
391  513 
391  536 
391  392 
391  509 
392  513 
392  524 
392  536 
392  394 
392  401 
392  509 
399  524 
399  427 
427  524 
458  533 
458  536 
458  468 
458  470 
467  469 
468  533 
468  536 
468  470 
469  470 
470  531 
470  533 
470  536 
470  473 
470  484 
470  485 
470  486 
470  487 
470  509 
480  536 
480  485 
480  486 
484  531 
484  536 
484  485 
484  486 
484  487 
484  488 
484  509 
485  531 
485  536 
485  486 
485  487 
485  488 
486  531 
486  536 
486  487 
486  488 
486  509 
487  531 
487  536 
487  1175
487  488 
487  494 
487  495 
487  501 
487  509 
488  531 
488  536 
493  531 
493  536 
494  531 
494  536 
494  495 
494  501 
494  509 
495  531 
495  536 
495  501 
495  509 
501  531 
501  536 
501  506 
501  509 
502  536 
506  536 
506  509 
507  536 
509  513 
509  524 
509  531 
509  533 
509  536 
509  510 
